-0.160492170734481 -0.408154320943589
-0.723424503093955 -1
-1 -0.582598007470193
-0.575092707701772 -0.500084123976593
-0.21883988245383 0.851556599628223
-0.272727272727273 0.51615159091427
0.536343302220757 -1
1 0.124459434610197
-0.396764317369775 0.114778535811916
-0.0613097270726478 0.696169196997458
-0.479220685774612 0.963358035207655
-0.762234778457784 0.0690965595265884
-0.0544784710170655 0.272727272727273
0.499401401343632 0.319668311046779
-0.912461834002324 0.636363636363636
-0.291948408581397 -0.892021424687631
-0.272727272727273 0.377148235757439
-0.797334492213315 -0.747683576993962
-0.506122227041176 0.394490327737556
-0.420601535310151 0.720992105258629
-0.589602028938213 0.141517513758558
-0.488365791782079 -0.387373503795878
0.294144100706522 0.296093747965039
-0.297940390154185 0.750460898806253
-0.0909090909090909 -0.386643349018739
-0.215588735722196 0.599677895829246
-0.600636505074923 0.636363636363636
-0.461483077576266 -0.614971473312322
-0.558235228477118 -0.344572339752667
-0.506743569707903 0.918638764315365
-0.377593866187678 -0.467523214223255
0.491965517745016 -0.753702894224544
0.146995080863039 -0.940559833808937
0.585555796243479 -0.382674020327592
0.790037521971113 -0.0925953444815086
0.421161108388346 0.359071774540892
0.0813067731234856 0.0529162059830711
-0.444879544365605 0.48907452954542
-0.94441002224506 0.470810980277472
-0.183462352898281 -0.402118479240205
-0.576604716675541 0.228464004465402
-0.272727272727273 0.0619355859509264
0.621652330358137 -0.0702663222836819
-0.390954718651127 0.0909090909090909
-0.674497828248422 -0.451699742730973
0.454545454545455 0.168545021317253
0.897511909769177 -0.636363636363636
-0.322709530114939 0.0909090909090909
0.0903724815537195 -0.272727272727273
-0.136571034226669 0.86173992602523
0.636363636363636 0.183528092878714
-0.5030410746108 -0.188985521005404
-0.417327058412256 0.608888005769905
-0.610241929041348 0.272727272727273
-0.865091850988967 -0.221674149781626
-0.351916136143789 -0.336875566887136
-0.633771279551625 0.426944414903419
-0.272727272727273 -0.465650009665582
-0.58651146651833 0.411837775485892
0.123881724437108 -0.761369506994973
1 0.149743757478509
-0.454545454545455 0.170138975551571
-0.923739001032286 0.210357975403626
-0.868868027879482 -0.818181818181818
-0.272727272727273 0.528773897843379
0.705303022529601 0.545642311235997
0.784902597343906 -0.110994610183888
0.312428670511029 0.261983047809908
-0.745160029975201 0.311468655990588
-0.272727272727273 0.722229758731059
-0.0542697523441855 0.377340684908614
-0.797944195665002 -0.692726003414585
-0.618973682872747 0.443077271944297
-0.510454359050722 0.789461603886978
-0.0909090909090909 0.0909090909090909
0.0933319011423923 -0.632358709717562
-0.800247930911979 0.818181818181818
-0.688745400303438 -0.171559415619866
-0.286683579641934 -0.792036859456085
-0.637974457963451 0.690402441674829
0.945059059694737 0.830346064091098
0.61367952235122 -0.833997379955991
1 0.521849263849331
-0.272727272727273 -0.526725498077303
-0.224107817786338 -0.636363636363636
-0.0251253429127189 -0.870662075245284
0.860830455620596 -0.272727272727273
0.351139048467512 0.130626697651136
-0.0909090909090909 -0.272727272727273
0.64183516786461 -1
-0.818181818181818 0.497606430237851
-1 0.71864863913691
0.731771462651712 0.99461528963667
0.668359351065051 -0.794877546613001
-0.660960325471357 -1
-1 -0.611658328457239
-0.552963503206878 -0.0165212677342914
-0.391104556088385 0.272727272727273
-0.741402159675044 -0.818181818181818
0.797674061303567 0.17649665355449
0.674091045999329 -1
-0.790331134170948 -0.0909090909090909
-0.3520552047163 -0.762824449883789
-0.760978634525242 0.496703646411658
0.787741209291229 0.181618985439992
-0.0726052819896037 0.629889461565453
-0.303365155912075 -0.287021470060674
-0.998754043581684 0.68667413114327
-0.426346808811629 0.853839903570045
-0.714378675075799 0.636252254015261
-0.748665357684109 0.636363636363636
-0.613861164564682 0.131632015960056
-0.141653325412158 0.818181818181818
-0.454545454545455 0.389607567064098
0.281216919952473 1
-0.898077915471217 -0.776028189537872
-0.527244878657708 0.39905723231012
-0.66107984363964 -0.677858495214595
1 -0.459653743930366
0.304063416350365 0.745383115370593
-0.100427750300336 -0.0190373015187419
0.0989602984585854 0.668364289517341
-0.659690506438532 -0.402226585930188
0.763690276851753 -0.316276715855607
-0.272727272727273 -0.793076229242651
0.463915565533098 0.768569641216807
-0.636363636363636 0.934286373795936
0.512934797302093 -0.72173417159734
-0.249284424935351 -0.848656180634789
-0.0909090909090909 0.286611350225346
0.415988662372551 -1
-0.193517504188141 -0.818181818181818
1 -0.818181818181818
-0.272727272727273 -0.763904907471915
-0.134939892602535 0.272727272727273
0.154121740899938 0.69362603609715
0.845719691040275 0.286143900154036
-0.750787550728708 -0.889677493623011
-0.768847877444063 -0.388008273044758
-1 -0.454545454545455
-0.0909090909090909 0.254228122541541
0.0879793902046302 0.124662510543836
-0.48697176182978 0.892980243262835
0.36847575645017 0.522692137573852
0.295955769030021 0.340312654668136
0.555482476705186 0.352567248098567
-0.522295891513646 -0.906504376222122
-0.594909895026641 -0.0909090909090909
-0.515857334356691 0.121722100560813
-0.453246045406785 -0.447865407241609
-0.227227796701568 -0.62807726900719
